0 0.045617 0.669572 0.079334 0.277338
1 0.099167 0.435816 0.063467 0.253566
2 0.159659 0.253566 0.053550 0.206022
1 0.154701 0.641838 0.063467 0.301109
1 0.228084 0.507132 0.059500 0.253566
0 0.253868 0.190174 0.091234 0.332805
0 0.209242 0.808241 0.101150 0.316957
2 0.340143 0.530903 0.101150 0.396197
1 0.362951 0.213946 0.075367 0.316957
0 0.441293 0.336767 0.097184 0.435816
2 0.449226 0.805071 0.077350 0.389857
2 0.532527 0.336767 0.045617 0.182250
2 0.546410 0.570523 0.069417 0.316957
2 0.631694 0.297147 0.081317 0.324881
2 0.699127 0.507132 0.085284 0.301109
0 0.749702 0.732964 0.107100 0.372425
1 0.904403 0.641838 0.174534 0.618067